0	0.575	0.258	0.230	1.41421356	1.41421356	1.41421356
0	0.283	0.089	0.125	3.82842712	3.82842712	3.82842712
0	0.149	0.089	0.106	3.00000000	3.00000000	3.00000000
0	0.135	0.075	0.116	3.00000000	3.00000000	3.00000000
0	0.137	0.072	0.165	2.82842712	2.82842712	2.82842712
0	0.097	0.072	0.131	2.00000000	2.00000000	2.00000000
0	0.108	0.075	0.119	2.41421356	2.41421356	2.41421356
0	0.188	0.075	0.112	3.82842712	3.82842712	3.82842712
0	0.119	0.115	0.105	2.41421356	2.41421356	2.41421356
0	0.069	0.066	0.081	1.00000000	1.00000000	1.00000000
1	0.407	0.093	0.088	4.82842712	4.82842712	4.82842712
1	0.298	0.148	0.167	5.82842712	5.82842712	5.82842712
1	0.161	0.079	0.157	5.82842712	5.82842712	5.82842712
1	0.153	0.078	0.086	6.41421356	6.41421356	6.41421356
1	0.153	0.075	0.121	7.24264069	7.24264069	7.24264069
1	0.194	0.107	0.144	4.00000000	4.00000000	4.00000000
1	0.231	0.116	0.146	4.82842712	4.82842712	4.82842712
1	0.115	0.107	0.067	5.24264069	5.24264069	5.24264069
1	0.132	0.074	0.082	5.82842712	5.82842712	5.82842712
1	0.103	0.066	0.070	4.00000000	4.00000000	4.00000000
2	0.367	0.086	0.095	11.41421356	11.41421356	11.41421356
2	0.225	0.134	0.169	11.48528137	11.48528137	11.48528137
2	0.188	0.080	0.076	10.82842712	10.82842712	10.82842712
2	0.270	0.079	0.087	10.24264069	10.24264069	10.24264069
2	0.208	0.113	0.154	8.07106781	8.07106781	8.07106781
2	0.326	0.122	0.146	11.48528137	11.48528137	11.48528137
2	0.386	0.120	0.151	9.07106781	9.07106781	9.07106781
2	0.377	0.109	0.167	10.24264069	10.24264069	10.24264069
2	0.147	0.108	0.104	9.65685425	9.65685425	9.65685425
2	0.211	0.107	0.100	10.00000000	10.00000000	10.00000000
3	0.874	0.121	0.167	15.55634919	15.55634919	15.55634919
3	1.068	0.131	0.146	13.82842712	13.82842712	13.82842712
3	0.647	0.080	0.082	15.00000000	15.00000000	15.00000000
3	0.571	0.096	0.075	15.48528137	15.48528137	15.48528137
3	0.378	0.075	0.081	12.72792206	12.72792206	12.72792206
3	0.488	0.074	0.080	12.72792206	12.72792206	12.72792206
3	0.775	0.094	0.097	15.72792206	15.72792206	15.72792206
3	0.139	0.080	0.066	15.41421356	15.41421356	15.41421356
3	0.220	0.072	0.078	12.72792206	12.72792206	12.72792206
3	0.231	0.077	0.078	13.48528137	13.48528137	13.48528137
4	0.211	0.108	0.076	16.89949494	16.89949494	16.89949494
4	0.325	0.086	0.094	19.38477631	19.38477631	19.38477631
4	0.316	0.091	0.089	17.41421356	17.41421356	17.41421356
4	0.338	0.090	0.083	16.89949494	16.89949494	16.89949494
4	0.357	0.089	0.079	17.41421356	17.41421356	17.41421356
4	0.376	0.104	0.079	18.14213562	18.14213562	18.14213562
4	0.215	0.083	0.085	16.65685425	16.65685425	16.65685425
4	0.317	0.096	0.090	19.55634919	19.55634919	19.55634919
4	0.259	0.089	0.070	17.41421356	17.41421356	17.41421356
4	0.398	0.191	0.102	19.48528137	19.48528137	19.48528137
5	0.497	0.113	0.083	20.65685425	20.65685425	20.65685425
5	0.240	0.124	0.088	20.72792206	20.72792206	20.72792206
5	0.493	0.094	0.075	20.41421356	20.41421356	20.41421356
5	0.635	0.175	0.123	21.24264069	21.24264069	21.24264069
5	0.562	0.191	0.080	20.72792206	20.72792206	20.72792206
5	0.407	0.127	0.080	23.14213562	23.14213562	23.14213562
5	0.660	0.087	0.126	20.89949494	20.89949494	20.89949494
5	0.419	0.121	0.116	22.07106781	22.07106781	22.07106781
5	0.325	0.165	0.205	23.38477631	23.38477631	23.38477631
5	0.572	0.152	0.182	23.38477631	23.38477631	23.38477631
6	0.537	0.260	0.195	25.97056275	25.97056275	25.97056275
6	0.683	0.239	0.192	26.79898987	26.79898987	26.79898987
6	0.432	0.193	0.141	27.04163056	27.04163056	27.04163056
6	0.656	0.120	0.090	26.62741700	26.62741700	26.62741700
6	0.378	0.103	0.089	24.48528137	24.48528137	24.48528137
6	0.455	0.092	0.085	27.38477631	27.38477631	27.38477631
6	0.357	0.101	0.083	26.00000000	26.00000000	26.00000000
6	0.415	0.079	0.094	27.97056275	27.97056275	27.97056275
6	0.203	0.078	0.073	24.82842712	24.82842712	24.82842712
6	0.468	0.085	0.085	25.07106781	25.07106781	25.07106781
7	0.526	0.080	0.101	28.45584412	28.45584412	28.45584412
7	0.536	0.109	0.091	28.55634919	28.55634919	28.55634919
7	0.801	0.087	0.104	30.87005769	30.87005769	30.87005769
7	0.387	0.115	0.099	30.31370850	30.31370850	30.31370850
7	0.228	0.087	0.091	31.55634919	31.55634919	31.55634919
7	0.461	0.144	0.105	31.97056275	31.97056275	31.97056275
7	0.456	0.091	0.105	28.21320344	28.21320344	28.21320344
7	0.438	0.098	0.097	29.21320344	29.21320344	29.21320344
7	0.450	0.073	0.071	30.24264069	30.24264069	30.24264069
7	0.323	0.103	0.092	31.62741700	31.62741700	31.62741700
8	0.592	0.097	0.103	33.45584412	33.45584412	33.45584412
8	0.454	0.083	0.099	34.45584412	34.45584412	34.45584412
8	0.543	0.083	0.095	33.82842712	33.82842712	33.82842712
8	0.570	0.073	0.084	33.00000000	33.00000000	33.00000000
8	0.552	0.095	0.087	35.48528137	35.48528137	35.48528137
8	0.659	0.108	0.092	33.38477631	33.38477631	33.38477631
8	0.381	0.091	0.100	33.55634919	33.55634919	33.55634919
8	0.787	0.087	0.084	34.07106781	34.07106781	34.07106781
8	0.738	0.093	0.094	34.28427125	34.28427125	34.28427125
8	0.452	0.095	0.115	33.62741700	33.62741700	33.62741700
9	0.925	0.071	0.116	39.59797975	39.59797975	39.59797975
9	0.824	0.117	0.094	38.62741700	38.62741700	38.62741700
9	0.710	0.151	0.114	37.62741700	37.62741700	37.62741700
9	0.283	0.073	0.071	36.24264069	36.24264069	36.24264069
9	0.372	0.097	0.091	38.72792206	38.72792206	38.72792206
9	0.769	0.111	0.091	37.38477631	37.38477631	37.38477631
9	0.529	0.098	0.109	39.94112550	39.94112550	39.94112550
9	0.604	0.087	0.089	36.38477631	36.38477631	36.38477631
9	0.587	0.094	0.090	37.48528137	37.48528137	37.48528137
9	0.659	0.173	0.121	39.31370850	39.31370850	39.31370850
10	0.999	0.127	0.134	42.62741700	42.62741700	42.62741700
10	0.621	0.120	0.157	43.89949494	43.89949494	43.89949494
10	1.525	0.218	0.145	41.72792206	41.72792206	41.72792206
10	1.586	0.149	0.120	42.82842712	42.82842712	42.82842712
10	0.755	0.149	0.144	41.97056275	41.97056275	41.97056275
10	0.699	0.094	0.097	43.07106781	43.07106781	43.07106781
10	0.758	0.092	0.079	43.24264069	43.24264069	43.24264069
10	0.607	0.111	0.090	42.38477631	42.38477631	42.38477631
10	0.537	0.097	0.081	40.14213562	40.14213562	40.14213562
10	0.768	0.157	0.094	43.45584412	43.45584412	43.45584412
11	0.752	0.232	0.147	46.14213562	46.14213562	46.14213562
11	0.776	0.094	0.082	47.24264069	47.24264069	47.24264069
11	0.572	0.094	0.084	47.55634919	47.55634919	47.55634919
11	0.632	0.079	0.106	46.18376618	46.18376618	46.18376618
11	1.045	0.128	0.100	46.35533906	46.35533906	46.35533906
11	0.408	0.174	0.103	47.65685425	47.65685425	47.65685425
11	0.771	0.288	0.116	45.72792206	45.72792206	45.72792206
11	0.653	0.175	0.094	45.62741700	45.62741700	45.62741700
11	0.594	0.075	0.083	45.41421356	45.41421356	45.41421356
11	0.654	0.110	0.103	45.11269837	45.11269837	45.11269837
12	0.774	0.115	0.113	50.01219331	50.01219331	50.01219331
12	0.449	0.110	0.095	51.72792206	51.72792206	51.72792206
12	1.178	0.363	0.193	51.38477631	51.38477631	51.38477631
12	1.186	0.425	0.245	50.65685425	50.65685425	50.65685425
12	0.588	0.141	0.102	48.14213562	48.14213562	48.14213562
12	0.616	0.152	0.098	48.87005769	48.87005769	48.87005769
12	1.004	0.105	0.118	49.84062043	49.84062043	49.84062043
12	0.887	0.091	0.081	48.31370850	48.31370850	48.31370850
12	0.417	0.096	0.089	48.89949494	48.89949494	48.89949494
12	0.370	0.143	0.087	48.97056275	48.97056275	48.97056275
13	0.481	0.107	0.080	54.48528137	54.48528137	54.48528137
13	0.690	0.123	0.092	54.48528137	54.48528137	54.48528137
13	0.991	0.094	0.087	54.48528137	54.48528137	54.48528137
13	0.869	0.184	0.143	52.52691193	52.52691193	52.52691193
13	0.951	0.095	0.083	53.24264069	53.24264069	53.24264069
13	0.988	0.118	0.119	53.21320344	53.21320344	53.21320344
13	0.761	0.109	0.083	53.65685425	53.65685425	53.65685425
13	1.426	0.142	0.095	52.41421356	52.41421356	52.41421356
13	1.306	0.122	0.121	52.01219331	52.01219331	52.01219331
13	0.838	0.235	0.115	54.38477631	54.38477631	54.38477631
14	1.453	0.155	0.130	59.52691193	59.52691193	59.52691193
14	0.804	0.110	0.092	57.72792206	57.72792206	57.72792206
14	1.223	0.110	0.111	58.52691193	58.52691193	58.52691193
14	0.764	0.112	0.099	57.21320344	57.21320344	57.21320344
14	1.255	0.089	0.116	59.49747468	59.49747468	59.49747468
14	1.301	0.122	0.118	59.59797975	59.59797975	59.59797975
14	1.405	0.239	0.154	59.45584412	59.45584412	59.45584412
14	1.113	0.114	0.119	57.87005769	57.87005769	57.87005769
14	1.290	0.520	0.151	58.04163056	58.04163056	58.04163056
14	1.461	0.113	0.110	57.62741700	57.62741700	57.62741700
15	1.361	0.247	0.141	60.87005769	60.87005769	60.87005769
15	1.749	0.171	0.150	60.35533906	60.35533906	60.35533906
15	0.411	0.189	0.103	60.72792206	60.72792206	60.72792206
15	1.077	0.103	0.092	63.31370850	63.31370850	63.31370850
15	0.315	0.237	0.132	62.89949494	62.89949494	62.89949494
15	0.819	0.112	0.106	63.08326112	63.08326112	63.08326112
15	0.915	0.381	0.174	62.18376618	62.18376618	62.18376618
15	0.791	0.104	0.092	61.21320344	61.21320344	61.21320344
15	0.776	0.282	0.112	60.52691193	60.52691193	60.52691193
15	1.090	0.084	0.094	63.79898987	63.79898987	63.79898987
16	2.057	0.089	0.140	66.22539674	66.22539674	66.22539674
16	1.064	0.129	0.140	66.42640687	66.42640687	66.42640687
16	1.559	0.107	0.121	66.66904756	66.66904756	66.66904756
16	1.396	0.241	0.139	67.11269837	67.11269837	67.11269837
16	1.981	0.146	0.134	65.98275606	65.98275606	65.98275606
16	2.081	0.141	0.130	65.35533906	65.35533906	65.35533906
16	2.037	0.112	0.114	66.18376618	66.18376618	66.18376618
16	1.250	0.324	0.110	64.65685425	64.65685425	64.65685425
16	0.904	0.110	0.111	67.91168825	67.91168825	67.91168825
16	1.641	0.134	0.117	65.91168825	65.91168825	65.91168825
17	1.420	0.125	0.088	69.55634919	69.55634919	69.55634919
17	1.692	0.121	0.133	69.84062043	69.84062043	69.84062043
17	1.529	0.618	0.217	68.04163056	68.04163056	68.04163056
17	2.200	0.104	0.143	68.39696962	68.39696962	68.39696962
17	1.198	0.225	0.130	71.56854249	71.56854249	71.56854249
17	1.881	0.377	0.166	68.14213562	68.14213562	68.14213562
17	1.628	0.555	0.167	69.21320344	69.21320344	69.21320344
17	1.117	0.103	0.123	69.56854249	69.56854249	69.56854249
17	1.329	0.135	0.100	69.89949494	69.89949494	69.89949494
17	1.574	0.123	0.107	68.18376618	68.18376618	68.18376618
18	1.230	0.587	0.146	74.28427125	74.28427125	74.28427125
18	2.473	0.090	0.139	75.05382387	75.05382387	75.05382387
18	1.215	0.172	0.113	75.18376618	75.18376618	75.18376618
18	2.244	0.136	0.135	73.84062043	73.84062043	73.84062043
18	2.374	0.206	0.144	75.25483400	75.25483400	75.25483400
18	2.181	0.166	0.100	73.18376618	73.18376618	73.18376618
18	0.923	0.111	0.109	72.59797975	72.59797975	72.59797975
18	1.714	0.221	0.121	74.69848481	74.69848481	74.69848481
18	1.200	0.284	0.137	74.21320344	74.21320344	74.21320344
18	0.694	0.129	0.110	73.14213562	73.14213562	73.14213562
19	0.976	0.227	0.121	76.52691193	76.52691193	76.52691193
19	0.669	0.107	0.082	78.24264069	78.24264069	78.24264069
19	1.061	0.109	0.138	78.22539674	78.22539674	78.22539674
19	1.614	0.252	0.147	77.91168825	77.91168825	77.91168825
19	1.301	0.132	0.099	79.72792206	79.72792206	79.72792206
19	2.019	0.166	0.132	79.84062043	79.84062043	79.84062043
19	1.105	0.161	0.106	78.59797975	78.59797975	78.59797975
19	1.261	0.153	0.110	78.01219331	78.01219331	78.01219331
19	1.306	0.159	0.108	78.79898987	78.79898987	78.79898987
19	1.478	0.341	0.139	76.94112550	76.94112550	76.94112550
20	1.275	0.607	0.192	80.72792206	80.72792206	80.72792206
20	1.687	0.148	0.146	80.88225099	80.88225099	80.88225099
20	1.323	0.111	0.124	81.46803743	81.46803743	81.46803743
20	0.820	0.134	0.125	80.52691193	80.52691193	80.52691193
20	2.575	0.439	0.224	81.32590181	81.32590181	81.32590181
20	1.446	0.161	0.128	83.71067812	83.71067812	83.71067812
20	1.658	0.510	0.158	83.11269837	83.11269837	83.11269837
20	0.816	0.441	0.153	82.42640687	82.42640687	82.42640687
20	1.450	0.119	0.104	81.45584412	81.45584412	81.45584412
20	1.430	0.158	0.109	80.21320344	80.21320344	80.21320344
21	1.763	0.390	0.176	84.11269837	84.11269837	84.11269837
21	2.656	0.472	0.165	86.42640687	86.42640687	86.42640687
21	2.512	0.299	0.166	87.74011537	87.74011537	87.74011537
21	2.834	0.489	0.150	86.35533906	86.35533906	86.35533906
21	1.069	0.134	0.121	84.66904756	84.66904756	84.66904756
21	2.166	0.158	0.154	87.71067812	87.71067812	87.71067812
21	1.757	0.143	0.144	87.46803743	87.46803743	87.46803743
21	2.470	0.512	0.198	84.91168825	84.91168825	84.91168825
21	2.048	0.169	0.152	86.71067812	86.71067812	86.71067812
21	1.184	0.365	0.150	85.76955262	85.76955262	85.76955262
22	1.723	0.368	0.176	91.04163056	91.04163056	91.04163056
22	1.951	0.672	0.294	90.91168825	90.91168825	90.91168825
22	1.002	0.251	0.129	88.11269837	88.11269837	88.11269837
22	1.552	0.147	0.131	88.12489168	88.12489168	88.12489168
22	2.845	0.409	0.148	90.98275606	90.98275606	90.98275606
22	1.539	1.016	0.236	88.56854249	88.56854249	88.56854249
22	1.132	0.221	0.136	89.32590181	89.32590181	89.32590181
22	2.644	0.507	0.191	91.59797975	91.59797975	91.59797975
22	2.339	0.367	0.142	88.81118318	88.81118318	88.81118318
22	1.722	0.989	0.326	88.28427125	88.28427125	88.28427125
23	1.289	0.174	0.188	95.71067812	95.71067812	95.71067812
23	1.111	0.127	0.131	93.74011537	93.74011537	93.74011537
23	1.374	0.839	0.224	94.98275606	94.98275606	94.98275606
23	2.143	0.192	0.120	93.45584412	93.45584412	93.45584412
23	2.371	0.381	0.116	92.28427125	92.28427125	92.28427125
23	2.316	0.342	0.127	94.52691193	94.52691193	94.52691193
23	2.199	0.205	0.112	95.84062043	95.84062043	95.84062043
23	1.584	0.386	0.126	93.84062043	93.84062043	93.84062043
23	1.787	0.133	0.104	94.28427125	94.28427125	94.28427125
23	1.022	0.132	0.118	95.04163056	95.04163056	95.04163056
24	1.481	0.341	0.135	99.91168825	99.91168825	99.91168825
24	2.236	0.750	0.216	96.94112550	96.94112550	96.94112550
24	1.415	0.270	0.142	98.56854249	98.56854249	98.56854249
24	2.384	0.196	0.146	98.05382387	98.05382387	98.05382387
24	2.161	0.114	0.160	99.39696962	99.39696962	99.39696962
24	1.001	0.128	0.142	96.46803743	96.46803743	96.46803743
24	1.778	0.259	0.149	99.36753237	99.36753237	99.36753237
24	2.017	0.376	0.150	96.22539674	96.22539674	96.22539674
24	1.686	0.583	0.303	98.35533906	98.35533906	98.35533906
24	2.428	0.670	0.236	97.94112550	97.94112550	97.94112550
25	1.924	0.548	0.199	101.81118318	101.81118318	101.81118318
25	1.369	1.381	0.542	103.81118318	103.81118318	103.81118318
25	2.243	0.195	0.134	102.98275606	102.98275606	102.98275606
25	2.818	0.383	0.201	101.56854249	101.56854249	101.56854249
25	2.681	0.166	0.150	100.15432893	100.15432893	100.15432893
25	1.357	0.342	0.159	101.19595949	101.19595949	101.19595949
25	1.962	0.222	0.140	100.26702730	100.26702730	100.26702730
25	0.687	0.167	0.087	101.38477631	101.38477631	101.38477631
25	1.389	1.356	0.509	102.71067812	102.71067812	102.71067812
25	1.871	0.867	0.294	103.61017306	103.61017306	103.61017306
26	2.740	0.294	0.128	107.01219331	107.01219331	107.01219331
26	1.563	0.511	0.180	104.39696962	104.39696962	104.39696962
26	1.608	0.268	0.147	104.39696962	104.39696962	104.39696962
26	2.441	0.122	0.132	107.52691193	107.52691193	107.52691193
26	2.068	0.419	0.185	104.15432893	104.15432893	104.15432893
26	2.360	0.793	0.282	105.88225099	105.88225099	105.88225099
26	2.920	0.208	0.172	104.63961031	104.63961031	104.63961031
26	1.975	0.681	0.250	104.91168825	104.91168825	104.91168825
26	2.969	0.278	0.126	104.01219331	104.01219331	104.01219331
26	2.163	0.732	0.192	104.84062043	104.84062043	104.84062043
27	2.885	0.682	0.225	108.29646456	108.29646456	108.29646456
27	2.656	0.479	0.134	111.11269837	111.11269837	111.11269837
27	1.660	1.189	0.225	110.88225099	110.88225099	110.88225099
27	1.658	0.446	0.225	109.95331881	109.95331881	109.95331881
27	2.059	1.243	0.460	108.66904756	108.66904756	108.66904756
27	3.022	0.247	0.105	111.94112550	111.94112550	111.94112550
27	1.742	0.188	0.142	109.42640687	109.42640687	109.42640687
27	2.698	0.183	0.157	110.88225099	110.88225099	110.88225099
27	2.896	0.836	0.242	109.87005769	109.87005769	109.87005769
27	3.101	0.663	0.179	108.76955262	108.76955262	108.76955262
28	2.888	0.246	0.151	114.68124087	114.68124087	114.68124087
28	2.015	0.434	0.162	113.08326112	113.08326112	113.08326112
28	2.279	0.415	0.208	115.32590181	115.32590181	115.32590181
28	2.045	0.596	0.227	114.36753237	114.36753237	114.36753237
28	3.137	0.520	0.159	112.84062043	112.84062043	112.84062043
28	1.715	0.268	0.125	113.74011537	113.74011537	113.74011537
28	0.827	0.344	0.119	115.35533906	115.35533906	115.35533906
28	2.957	0.726	0.201	112.79898987	112.79898987	112.79898987
28	2.763	0.681	0.222	115.98275606	115.98275606	115.98275606
28	1.894	0.717	0.255	112.05382387	112.05382387	112.05382387
29	2.627	0.945	0.345	117.16652224	117.16652224	117.16652224
29	1.603	0.170	0.162	116.78174593	116.78174593	116.78174593
29	1.703	0.154	0.124	116.25483400	116.25483400	116.25483400
29	2.573	0.383	0.192	117.42640687	117.42640687	117.42640687
29	2.787	0.639	0.269	118.74011537	118.74011537	118.74011537
29	1.569	1.185	0.512	119.26702730	119.26702730	119.26702730
29	1.935	1.411	0.495	119.71067812	119.71067812	119.71067812
29	2.440	1.030	0.390	118.05382387	118.05382387	118.05382387
29	1.378	0.188	0.159	119.15432893	119.15432893	119.15432893
29	2.059	0.264	0.130	116.25483400	116.25483400	116.25483400
30	1.880	0.475	0.256	120.39696962	120.39696962	120.39696962
30	3.049	0.497	0.205	122.25483400	122.25483400	122.25483400
30	2.201	0.870	0.335	121.19595949	121.19595949	121.19595949
30	3.061	0.216	0.182	123.29646456	123.29646456	123.29646456
30	2.341	1.234	0.474	122.56854249	122.56854249	122.56854249
30	1.528	0.832	0.252	122.22539674	122.22539674	122.22539674
30	1.464	0.877	0.239	122.22539674	122.22539674	122.22539674
30	1.957	0.400	0.136	121.05382387	121.05382387	121.05382387
30	2.378	0.390	0.147	122.15432893	122.15432893	122.15432893
30	1.323	0.861	0.209	120.05382387	120.05382387	120.05382387
31	3.076	0.333	0.195	127.43860018	127.43860018	127.43860018
31	2.984	1.354	0.337	125.68124087	125.68124087	125.68124087
31	2.949	0.443	0.201	124.84062043	124.84062043	124.84062043
31	2.734	0.515	0.216	125.43860018	125.43860018	125.43860018
31	1.976	1.512	0.666	124.95331881	124.95331881	124.95331881
31	1.767	0.152	0.153	126.05382387	126.05382387	126.05382387
31	3.161	0.635	0.172	125.35533906	125.35533906	125.35533906
31	2.077	1.128	0.242	126.46803743	126.46803743	126.46803743
31	2.220	1.531	0.577	124.92388155	124.92388155	124.92388155
31	2.782	1.112	0.374	127.25483400	127.25483400	127.25483400
32	2.750	0.375	0.194	130.81118318	130.81118318	130.81118318
32	2.213	1.131	0.327	131.98275606	131.98275606	131.98275606
32	2.901	1.131	0.320	129.19595949	129.19595949	129.19595949
32	3.197	1.225	0.383	130.36753237	130.36753237	130.36753237
32	2.096	1.371	0.554	131.61017306	131.61017306	131.61017306
32	2.060	0.929	0.272	130.43860018	130.43860018	130.43860018
32	1.985	1.081	0.271	128.01219331	128.01219331	128.01219331
32	3.044	0.753	0.175	128.63961031	128.63961031	128.63961031
32	1.948	1.340	0.507	128.43860018	128.43860018	128.43860018
32	1.765	0.116	0.167	130.75230868	130.75230868	130.75230868
33	2.162	0.524	0.198	134.43860018	134.43860018	134.43860018
33	3.250	1.805	0.503	132.02438662	132.02438662	132.02438662
33	2.753	0.365	0.182	134.75230868	134.75230868	134.75230868
33	1.568	1.068	0.291	134.63961031	134.63961031	134.63961031
33	2.590	1.268	0.435	133.68124087	133.68124087	133.68124087
33	1.581	0.555	0.203	133.49747468	133.49747468	133.49747468
33	2.282	1.261	0.461	133.82337649	133.82337649	133.82337649
33	1.763	0.182	0.218	133.36753237	133.36753237	133.36753237
33	2.817	1.459	0.531	133.81118318	133.81118318	133.81118318
33	2.988	0.597	0.248	135.40916293	135.40916293	135.40916293
34	2.633	0.652	0.275	138.05382387	138.05382387	138.05382387
34	2.118	0.918	0.278	136.95331881	136.95331881	136.95331881
34	2.502	0.840	0.231	136.39696962	136.39696962	136.39696962
34	2.795	1.147	0.293	138.92388155	138.92388155	138.92388155
34	2.790	0.958	0.379	137.32590181	137.32590181	137.32590181
34	1.321	1.085	0.276	139.84062043	139.84062043	139.84062043
34	2.960	0.368	0.174	137.78174593	137.78174593	137.78174593
34	1.349	0.905	0.242	136.74011537	136.74011537	136.74011537
34	2.616	0.767	0.224	138.09545443	138.09545443	138.09545443
34	2.186	0.803	0.254	138.09545443	138.09545443	138.09545443
35	2.070	1.097	0.271	143.01219331	143.01219331	143.01219331
35	2.806	1.610	0.563	142.40916293	142.40916293	142.40916293
35	3.081	1.245	0.455	142.74011537	142.74011537	142.74011537
35	3.222	1.377	0.435	140.15432893	140.15432893	140.15432893
35	2.615	1.460	0.526	143.16652224	143.16652224	143.16652224
35	3.316	0.751	0.186	142.98275606	142.98275606	142.98275606
35	2.788	0.332	0.177	142.91168825	142.91168825	142.91168825
35	2.410	1.071	0.293	142.36753237	142.36753237	142.36753237
35	2.534	1.744	0.651	142.56854249	142.56854249	142.56854249
35	2.550	1.583	0.561	140.61017306	140.61017306	140.61017306
36	3.314	1.200	0.369	147.22539674	147.22539674	147.22539674
36	2.960	1.918	0.564	146.85281374	146.85281374	146.85281374
36	2.600	1.313	0.549	145.45079349	145.45079349	145.45079349
36	2.901	1.521	0.446	145.78174593	145.78174593	145.78174593
36	2.693	0.730	0.239	145.40916293	145.40916293	145.40916293
36	2.291	1.026	0.438	146.40916293	146.40916293	146.40916293
36	2.186	1.424	0.594	145.78174593	145.78174593	145.78174593
36	3.009	1.543	0.613	145.53910524	145.53910524	145.53910524
36	3.108	1.284	0.480	145.05382387	145.05382387	145.05382387
36	2.393	0.836	0.225	146.46803743	146.46803743	146.46803743
37	2.703	1.669	0.563	148.68124087	148.68124087	148.68124087
37	2.312	0.581	0.212	148.95331881	148.95331881	148.95331881
37	2.431	1.120	0.257	151.88225099	151.88225099	151.88225099
37	3.289	2.566	0.660	151.91168825	151.91168825	151.91168825
37	3.309	1.375	0.392	148.82337649	148.82337649	148.82337649
37	2.742	1.851	0.628	148.40916293	148.40916293	148.40916293
37	3.095	1.640	0.562	149.81118318	149.81118318	149.81118318
37	1.222	0.463	0.128	148.35533906	148.35533906	148.35533906
37	3.001	1.455	0.423	148.02438662	148.02438662	148.02438662
37	3.203	1.415	0.368	150.74011537	150.74011537	150.74011537
38	3.132	0.991	0.203	154.95331881	154.95331881	154.95331881
38	1.277	0.869	0.262	155.53910524	155.53910524	155.53910524
38	3.070	1.041	0.226	153.85281374	153.85281374	153.85281374
38	2.927	1.303	0.330	154.40916293	154.40916293	154.40916293
38	2.778	1.590	0.667	153.92388155	153.92388155	153.92388155
38	3.114	2.148	0.528	155.95331881	155.95331881	155.95331881
38	3.074	1.635	0.567	155.92388155	155.92388155	155.92388155
38	1.943	1.077	0.272	152.98275606	152.98275606	152.98275606
38	2.768	0.621	0.200	155.06601718	155.06601718	155.06601718
38	2.901	0.926	0.280	155.61017306	155.61017306	155.61017306
39	2.814	0.936	0.292	158.95331881	158.95331881	158.95331881
39	2.188	0.668	0.211	156.25483400	156.25483400	156.25483400
39	1.583	0.462	0.153	156.61017306	156.61017306	156.61017306
39	2.881	1.263	0.433	158.71067812	158.71067812	158.71067812
39	2.946	1.272	0.621	159.53910524	159.53910524	159.53910524
39	2.973	0.641	0.222	158.79393924	158.79393924	158.79393924
39	3.017	1.900	0.507	158.46803743	158.46803743	158.46803743
39	2.471	0.531	0.199	156.75230868	156.75230868	156.75230868
39	3.318	3.037	0.787	159.36753237	159.36753237	159.36753237
39	1.661	0.641	0.143	156.05382387	156.05382387	156.05382387
40	2.891	0.950	0.233	163.53910524	163.53910524	163.53910524
40	2.829	0.727	0.267	162.82337649	162.82337649	162.82337649
40	3.097	1.459	0.500	160.22539674	160.22539674	160.22539674
40	3.110	0.622	0.192	160.12489168	160.12489168	160.12489168
40	3.126	1.528	0.522	161.46803743	161.46803743	161.46803743
40	2.515	1.280	0.364	162.16652224	162.16652224	162.16652224
40	2.466	0.947	0.284	162.99494937	162.99494937	162.99494937
40	3.267	1.206	0.318	160.84062043	160.84062043	160.84062043
40	2.712	1.206	0.316	162.30865787	162.30865787	162.30865787
40	2.941	1.858	0.608	163.81118318	163.81118318	163.81118318
41	3.032	1.704	0.651	164.81118318	164.81118318	164.81118318
41	2.983	1.237	0.298	167.98275606	167.98275606	167.98275606
41	2.457	1.202	0.310	166.65180362	166.65180362	166.65180362
41	2.822	1.933	0.661	165.99494937	165.99494937	165.99494937
41	3.028	1.239	0.298	165.55129855	165.55129855	165.55129855
41	2.826	1.947	0.704	166.82337649	166.82337649	166.82337649
41	1.548	0.963	0.275	166.43860018	166.43860018	166.43860018
41	1.821	0.761	0.197	165.56854249	165.56854249	165.56854249
41	3.230	1.004	0.286	166.18376618	166.18376618	166.18376618
41	2.542	1.258	0.332	166.09545443	166.09545443	166.09545443
42	3.245	2.250	0.637	169.56854249	169.56854249	169.56854249
42	2.179	1.057	0.318	170.43860018	170.43860018	170.43860018
42	3.202	1.228	0.305	171.33809512	171.33809512	171.33809512
42	2.238	0.744	0.217	170.43860018	170.43860018	170.43860018
42	3.144	2.396	0.804	171.68124087	171.68124087	171.68124087
42	3.092	1.929	0.727	171.78174593	171.78174593	171.78174593
42	3.115	1.838	0.643	169.98275606	169.98275606	169.98275606
42	2.867	2.137	0.707	170.92388155	170.92388155	170.92388155
42	3.179	1.244	0.244	169.88225099	169.88225099	169.88225099
42	3.212	1.813	0.635	169.39696962	169.39696962	169.39696962
43	1.822	0.987	0.245	173.32590181	173.32590181	173.32590181
43	2.180	1.183	0.272	175.42640687	175.42640687	175.42640687
43	1.695	0.769	0.162	172.12489168	172.12489168	172.12489168
43	2.345	0.969	0.308	172.75230868	172.75230868	172.75230868
43	2.723	1.541	0.654	175.55129855	175.55129855	175.55129855
43	3.031	1.855	0.636	175.32590181	175.32590181	175.32590181
43	1.805	0.559	0.186	175.16652224	175.16652224	175.16652224
43	2.711	1.204	0.348	172.99494937	172.99494937	172.99494937
43	3.061	0.927	0.199	173.16652224	173.16652224	173.16652224
43	3.149	0.991	0.219	173.85281374	173.85281374	173.85281374
44	3.049	1.717	0.580	176.16652224	176.16652224	176.16652224
44	3.097	1.913	0.677	177.98275606	177.98275606	177.98275606
44	2.973	1.587	0.729	177.92388155	177.92388155	177.92388155
44	2.880	1.930	0.700	179.92388155	179.92388155	179.92388155
44	2.825	1.060	0.295	178.13708499	178.13708499	178.13708499
44	2.957	1.103	0.300	177.40916293	177.40916293	177.40916293
44	3.221	1.989	0.685	176.29646456	176.29646456	176.29646456
44	3.155	2.051	0.765	179.58073580	179.58073580	179.58073580
44	3.095	1.675	0.586	176.09545443	176.09545443	176.09545443
44	2.232	1.055	0.284	179.66904756	179.66904756	179.66904756
45	2.972	1.685	0.487	181.12489168	181.12489168	181.12489168
45	3.240	2.724	0.779	180.43860018	180.43860018	180.43860018
45	3.256	2.748	0.817	183.68124087	183.68124087	183.68124087
45	2.876	1.993	0.725	183.86500705	183.86500705	183.86500705
45	3.097	2.768	0.502	183.65180362	183.65180362	183.65180362
45	2.905	1.177	0.293	180.29646456	180.29646456	180.29646456
45	2.424	1.263	0.281	180.53910524	180.53910524	180.53910524
45	2.858	0.762	0.260	183.85281374	183.85281374	183.85281374
45	2.899	1.861	0.659	183.03657993	183.03657993	183.03657993
45	3.082	0.702	0.260	181.50966799	181.50966799	181.50966799
46	2.628	1.089	0.317	184.92388155	184.92388155	184.92388155
46	2.176	1.128	0.272	184.91168825	184.91168825	184.91168825
46	3.311	0.890	0.308	185.91168825	185.91168825	185.91168825
46	3.310	1.633	0.457	184.46803743	184.46803743	184.46803743
46	3.331	2.729	0.762	184.53910524	184.53910524	184.53910524
46	2.607	1.134	0.270	185.98275606	185.98275606	185.98275606
46	3.089	1.129	0.277	187.91168825	187.91168825	187.91168825
46	2.472	0.807	0.220	184.68124087	184.68124087	184.68124087
46	2.634	1.127	0.346	185.58073580	185.58073580	185.58073580
46	3.140	2.262	0.644	185.09545443	185.09545443	185.09545443
47	3.078	2.004	0.646	188.82337649	188.82337649	188.82337649
47	3.043	1.606	0.362	188.43860018	188.43860018	188.43860018
47	2.615	1.147	0.288	189.12489168	189.12489168	189.12489168
47	2.343	1.094	0.287	191.98275606	191.98275606	191.98275606
47	3.038	1.906	0.458	189.29646456	189.29646456	189.29646456
47	2.479	0.992	0.315	189.75230868	189.75230868	189.75230868
47	2.609	1.644	0.314	189.78174593	189.78174593	189.78174593
47	3.112	1.342	0.294	190.58073580	190.58073580	190.58073580
47	3.239	2.245	0.699	189.33809512	189.33809512	189.33809512
47	3.283	2.172	0.609	191.86500705	191.86500705	191.86500705
48	2.836	1.130	0.322	193.82337649	193.82337649	193.82337649
48	2.681	1.125	0.334	192.75230868	192.75230868	192.75230868
48	3.099	2.424	0.726	194.33809512	194.33809512	194.33809512
48	2.348	0.951	0.215	195.05382387	195.05382387	195.05382387
48	2.214	1.235	0.289	194.05382387	194.05382387	194.05382387
48	2.970	1.969	0.670	192.76450199	192.76450199	192.76450199
48	2.722	1.162	0.330	192.09545443	192.09545443	192.09545443
48	2.544	0.955	0.309	195.72287143	195.72287143	195.72287143
48	2.979	1.429	0.354	194.33809512	194.33809512	194.33809512
48	3.279	2.059	0.563	192.40916293	192.40916293	192.40916293
49	2.546	0.976	0.315	197.06601718	197.06601718	197.06601718
49	3.051	1.867	0.481	199.61017306	199.61017306	199.61017306
49	3.184	1.855	0.580	198.95331881	198.95331881	198.95331881
49	3.088	1.813	0.633	197.02438662	197.02438662	197.02438662
49	2.867	1.153	0.325	199.82337649	199.82337649	199.82337649
49	3.206	2.931	0.560	196.06601718	196.06601718	196.06601718
49	3.281	2.586	0.756	196.71067812	196.71067812	196.71067812
49	3.007	2.246	0.488	197.26702730	197.26702730	197.26702730
49	2.983	1.879	0.666	197.82337649	197.82337649	197.82337649
49	3.009	1.785	0.711	198.52186130	198.52186130	198.52186130
50	3.261	2.800	0.537	201.40916293	201.40916293	201.40916293
50	2.228	0.878	0.205	201.88225099	201.88225099	201.88225099
50	2.458	1.113	0.328	202.99494937	202.99494937	202.99494937
50	3.070	2.434	0.769	203.79393924	203.79393924	203.79393924
50	2.807	1.031	0.321	203.72287143	203.72287143	203.72287143
50	3.249	2.883	0.561	202.40916293	202.40916293	202.40916293
50	2.165	1.086	0.293	202.33809512	202.33809512	202.33809512
50	2.943	1.231	0.355	201.89444430	201.89444430	201.89444430
50	2.274	0.931	0.308	201.96551211	201.96551211	201.96551211
50	2.897	1.115	0.369	202.20815280	202.20815280	202.20815280
51	3.022	1.675	0.704	206.58073580	206.58073580	206.58073580
51	3.186	2.028	0.654	206.02438662	206.02438662	206.02438662
51	2.982	1.271	0.368	206.82337649	206.82337649	206.82337649
51	2.908	1.101	0.350	204.89444430	204.89444430	204.89444430
51	2.663	1.114	0.320	206.68124087	206.68124087	206.68124087
51	3.121	0.960	0.247	204.43860018	204.43860018	204.43860018
51	2.412	0.978	0.309	204.89444430	204.89444430	204.89444430
51	3.263	2.089	0.700	207.95331881	207.95331881	207.95331881
51	3.042	1.707	0.704	206.23759005	206.23759005	206.23759005
51	2.706	1.132	0.340	204.33809512	204.33809512	204.33809512
52	3.068	1.128	0.337	209.62236636	209.62236636	209.62236636
52	3.165	2.557	0.602	208.78174593	208.78174593	208.78174593
52	2.832	0.946	0.316	208.03657993	208.03657993	208.03657993
52	2.779	1.000	0.227	208.02438662	208.02438662	208.02438662
52	3.026	1.989	0.682	208.62236636	208.62236636	208.62236636
52	3.253	1.952	0.615	209.65180362	209.65180362	209.65180362
52	3.016	1.714	0.707	208.40916293	208.40916293	208.40916293
52	3.224	1.904	0.651	208.30865787	208.30865787	208.30865787
52	3.043	1.684	0.702	208.16652224	208.16652224	208.16652224
52	3.064	1.956	0.732	210.75230868	210.75230868	210.75230868
53	2.547	1.014	0.243	212.40916293	212.40916293	212.40916293
53	3.119	1.757	0.663	214.37972568	214.37972568	214.37972568
53	3.230	2.137	0.688	212.37972568	212.37972568	212.37972568
53	2.685	1.166	0.335	212.09545443	212.09545443	212.09545443
53	2.658	1.056	0.284	212.19595949	212.19595949	212.19595949
53	2.866	0.995	0.321	214.20815280	214.20815280	214.20815280
53	3.205	1.968	0.659	213.20815280	213.20815280	213.20815280
53	3.191	2.353	0.545	213.99494937	213.99494937	213.99494937
53	2.779	1.059	0.233	212.16652224	212.16652224	212.16652224
53	3.241	2.157	0.733	214.99494937	214.99494937	214.99494937
54	3.099	1.682	0.699	218.99494937	218.99494937	218.99494937
54	2.609	1.110	0.336	218.40916293	218.40916293	218.40916293
54	3.056	1.245	0.348	216.06601718	216.06601718	216.06601718
54	3.163	1.833	0.746	219.72287143	219.72287143	219.72287143
54	3.098	2.118	0.720	217.48023074	217.48023074	217.48023074
54	2.669	1.038	0.241	219.23759005	219.23759005	219.23759005
54	3.208	1.921	0.659	218.48023074	218.48023074	218.48023074
54	3.098	1.760	0.684	216.50966799	216.50966799	216.50966799
54	2.675	1.056	0.321	217.30865787	217.30865787	217.30865787
54	2.946	1.090	0.249	216.33809512	216.33809512	216.33809512
55	3.014	1.121	0.330	220.13708499	220.13708499	220.13708499
55	2.758	1.123	0.284	222.09545443	222.09545443	222.09545443
55	3.253	2.802	0.836	221.69343418	221.69343418	221.69343418
55	3.114	2.046	0.721	220.93607486	220.93607486	220.93607486
55	3.172	1.800	0.542	220.48023074	220.48023074	220.48023074
55	3.157	1.992	0.580	221.58073580	221.58073580	221.58073580
55	2.779	1.027	0.329	221.20815280	221.20815280	221.20815280
55	3.097	2.161	0.805	220.37972568	220.37972568	220.37972568
55	2.520	1.071	0.343	220.20815280	220.20815280	220.20815280
55	2.996	1.340	0.412	223.30865787	223.30865787	223.30865787
56	3.201	1.950	0.698	225.55129855	225.55129855	225.55129855
56	3.206	1.994	0.729	224.76450199	224.76450199	224.76450199
56	2.654	1.119	0.340	224.13708499	224.13708499	224.13708499
56	3.150	1.072	0.326	227.24978336	227.24978336	227.24978336
56	3.166	1.856	0.664	225.06601718	225.06601718	225.06601718
56	3.093	2.147	0.791	224.48023074	224.48023074	224.48023074
56	3.155	1.524	0.436	226.55129855	226.55129855	226.55129855
56	3.079	2.016	0.822	224.03657993	224.03657993	224.03657993
56	3.204	2.221	0.806	225.65180362	225.65180362	225.65180362
56	2.813	1.116	0.325	224.62236636	224.62236636	224.62236636
57	3.162	1.785	0.598	230.48023074	230.48023074	230.48023074
57	3.383	3.879	1.001	229.40916293	229.40916293	229.40916293
57	3.230	2.888	0.631	228.96551211	228.96551211	228.96551211
57	2.864	1.079	0.247	228.96551211	228.96551211	228.96551211
57	3.160	2.588	0.782	228.96551211	228.96551211	228.96551211
57	3.128	1.747	0.657	228.10764774	228.10764774	228.10764774
57	3.170	1.808	0.575	229.30865787	229.30865787	229.30865787
57	2.793	0.948	0.249	228.20815280	228.20815280	228.20815280
57	2.987	1.147	0.260	230.72287143	230.72287143	230.72287143
57	3.142	1.838	0.750	229.72287143	229.72287143	229.72287143
58	3.072	1.226	0.380	235.72287143	235.72287143	235.72287143
58	3.117	1.859	0.747	232.03657993	232.03657993	232.03657993
58	3.188	1.749	0.718	234.23759005	234.23759005	234.23759005
58	3.230	2.526	0.781	232.09545443	232.09545443	232.09545443
58	3.163	1.925	0.760	234.79393924	234.79393924	234.79393924
58	3.065	1.723	0.531	235.96551211	235.96551211	235.96551211
58	3.168	1.928	0.733	232.06601718	232.06601718	232.06601718
58	2.937	1.191	0.379	234.55129855	234.55129855	234.55129855
58	3.143	1.488	0.431	234.20815280	234.20815280	234.20815280
58	3.010	1.112	0.372	232.10764774	232.10764774	232.10764774
59	3.153	1.803	0.560	237.55129855	237.55129855	237.55129855
59	3.224	2.299	0.812	236.30865787	236.30865787	236.30865787
59	3.137	1.568	0.449	239.27922061	239.27922061	239.27922061
59	3.230	2.328	0.817	236.06601718	236.06601718	236.06601718
59	3.225	3.862	0.999	236.30865787	236.30865787	236.30865787
59	3.207	1.803	0.744	237.37972568	237.37972568	237.37972568
59	3.171	1.857	0.696	239.00714267	239.00714267	239.00714267
59	3.233	2.908	0.919	239.24978336	239.24978336	239.24978336
59	3.216	3.027	0.920	236.23759005	236.23759005	236.23759005
59	3.237	2.965	0.914	238.86500705	238.86500705	238.86500705
60	3.075	1.119	0.352	242.52186130	242.52186130	242.52186130
60	3.188	1.920	0.769	241.79393924	241.79393924	241.79393924
60	3.214	2.938	0.948	242.83556980	242.83556980	242.83556980
60	3.130	1.786	0.568	240.48023074	240.48023074	240.48023074
60	3.246	1.832	0.812	240.79393924	240.79393924	240.79393924
60	3.198	1.875	0.770	241.52186130	241.52186130	241.52186130
60	3.154	1.854	0.577	241.55129855	241.55129855	241.55129855
60	3.151	1.841	0.571	243.13708499	243.13708499	243.13708499
60	3.247	3.846	0.992	242.72287143	242.72287143	242.72287143
60	3.227	2.195	0.844	241.86500705	241.86500705	241.86500705
